0 0.0453125 0.325 0.0671875 0.06796875
0 0.18203125 0.3171875 0.046875 0.05234375
0 0.1609375 0.22890625 0.0546875 0.0625
0 0.4453125 0.25390625 0.05625 0.0640625
0 0.3828125 0.64921875 0.02578125 0.0734375
0 0.16015625 0.58203125 0.0953125 0.078125
0 0.2109375 0.715625 0.07265625 0.05078125
0 0.31484375 0.7671875 0.059375 0.04921875
0 0.471875 0.88984375 0.08359375 0.07734375
0 0.76796875 0.89296875 0.0703125 0.06171875
0 0.6671875 0.7203125 0.0734375 0.05546875
0 0.98046875 0.7578125 0.0390625 0.059375
0 0.7671875 0.26640625 0.05 0.0421875
0 0.684375 0.2546875 0.04375 0.06640625
0 0.56328125 0.259375 0.04453125 0.03203125
0 0.59140625 0.29140625 0.05390625 0.034375
0 0.61328125 0.1953125 0.05 0.0265625
0 0.2 0.92890625 0.04140625 0.07265625